6 18 33 24 32 10 34 
0 
1 1 
2 30 35 
0 
5 10 13 18 33 37 
0 
6 4 39 8 41 38 40 
0 
1 10 
0 
8 4 12 45 10 18 7 46 47 
0 
6 42 45 1 48 26 49 
0 
6 4 18 51 52 41 53 
0 
6 1 2 3 8 4 18 
0 
19 2 7 4 50 10 11 23 46 31 8 54 36 13 38 39 40 41 42 49 
0 
5 1 2 4 8 50 
0 
2 1 4 
0 
6 10 45 13 46 38 26 
0 
8 4 12 45 10 18 7 46 47 
0 
2 9 25 
1 20 
6 1 2 3 4 5 7 
1 0 
5 1 6 8 9 10 
3 2 7 9 
1 11 
0 
3 12 13 14 
6 0 15 7 18 17 16 
1 19 
1 10 
1 9 
1 13 
1 1 
2 6 16 
2 7 12 
1 21 
2 13 19 
3 6 9 18 
2 3 11 
3 10 12 17 
1 12 
3 0 10 22 
1 22 
2 2 13 
2 9 10 
0 
19 2 7 4 50 10 11 23 46 31 8 54 36 13 38 39 40 41 42 49 
2 9 10 
2 16 21 
2 26 27 
3 10 18 28 
1 13 
1 13 
1 12 
2 2 10 
19 2 7 4 50 10 11 23 46 31 8 54 36 13 38 39 40 41 42 49 
2 10 30 
2 10 18 
1 25 
1 1 
1 5 
1 2 
1 8 
1 6 
0 
3 2 5 21 
1 30 
19 2 7 4 50 10 11 23 46 31 8 54 36 13 38 39 40 41 42 49 
19 2 7 4 50 10 11 23 46 31 8 54 36 13 38 39 40 41 42 49 
1 6 
0 
1 35 
2 2 4 
1 21 
19 2 7 4 50 10 11 23 46 31 8 54 36 13 38 39 40 41 42 49 
2 11 54 
1 55 
0 
1 21 
19 2 7 4 50 10 11 23 46 31 8 54 36 13 38 39 40 41 42 49 
1 2 
19 2 7 4 50 10 11 23 46 31 8 54 36 13 38 39 40 41 42 49 
0 
2 49 50 
19 2 7 4 50 10 11 23 46 31 8 54 36 13 38 39 40 41 42 49 
2 4 39 
4 6 11 10 58 
19 2 7 4 50 10 11 23 46 31 8 54 36 13 38 39 40 41 42 49 
3 1 6 4 
1 56 
19 2 7 4 50 10 11 23 46 31 8 54 36 13 38 39 40 41 42 49 
20 2 7 4 50 6 10 11 23 46 31 8 54 36 13 38 39 40 41 42 49 
0 
1 6 
4 4 49 8 35 
0 
0 
1 47 
1 57 
0 
19 2 7 4 50 10 11 23 46 31 8 54 36 13 38 39 40 41 42 49 
1 2 
1 55 
1 55 
2 4 6 
2 1 4 
1 2 
2 4 6 
0 
1 6 
1 6 
20 2 7 4 50 6 10 11 23 46 31 8 54 36 13 38 39 40 41 42 49 
0 
19 2 7 4 50 10 11 23 46 31 8 54 36 13 38 39 40 41 42 49 
1 13 
