29 0 47 23 1 24 12 6 3 50 26 14 7 30 9 32 10 33 13 16 19 21 22 25 31 34 35 36 39 41 
29 0 47 23 11 1 12 35 6 3 50 26 14 4 27 7 30 8 10 33 16 18 19 21 22 25 36 39 41 52 
27 0 47 23 1 12 35 6 3 50 26 7 30 8 31 9 10 33 13 36 16 39 18 21 25 27 41 52 
27 0 47 23 1 12 35 6 3 50 26 7 30 8 31 9 10 13 36 16 39 18 19 21 25 40 41 43 
27 0 47 23 1 12 35 6 3 50 26 7 30 8 31 9 10 13 36 16 39 18 19 21 25 40 41 43 
25 1 12 6 2 25 13 36 7 18 41 8 31 9 10 33 21 44 23 37 38 39 42 45 46 47 
24 1 12 6 2 25 13 36 7 18 41 8 31 9 10 21 44 23 46 37 38 39 42 45 47 
31 0 23 11 58 1 12 35 6 3 26 4 7 8 10 16 39 18 41 19 21 25 36 38 40 42 43 44 45 46 49 56 
31 0 23 11 58 1 12 35 6 3 26 4 7 8 10 16 39 18 41 19 21 25 36 38 40 42 43 44 45 46 49 56 
23 1 47 12 23 46 6 7 18 41 8 31 9 10 21 44 13 36 25 37 38 39 42 45 
23 1 47 12 23 46 6 7 18 41 8 31 9 10 21 44 13 36 25 37 38 39 42 45 
22 1 47 12 23 46 6 4 7 18 41 8 10 21 44 11 25 36 37 38 39 42 45 
23 1 47 12 23 46 6 4 7 18 41 8 10 33 21 44 11 25 36 37 38 39 42 45 
22 1 12 6 3 26 49 4 50 5 16 7 30 18 10 11 21 44 23 36 42 45 48 
21 1 12 6 3 26 49 4 50 5 16 7 30 18 10 11 21 44 23 36 42 45 
28 0 47 23 1 12 35 6 53 3 50 26 7 30 8 31 9 10 13 36 16 39 18 41 21 25 27 51 52 
28 0 47 23 1 12 35 6 53 3 50 26 7 30 8 31 9 10 13 36 16 39 18 41 21 25 27 51 52 
26 23 46 11 58 1 47 0 12 35 2 49 4 50 3 6 8 55 54 7 10 18 21 36 39 42 56 
24 46 11 58 2 49 4 50 3 6 17 54 55 8 10 56 9 12 35 18 36 39 42 47 0 
22 4 9 6 8 10 11 12 18 41 25 2 36 37 38 39 40 42 43 44 45 46 47 
22 4 9 6 8 10 11 12 18 41 25 2 36 37 38 39 40 42 43 44 45 46 47 
26 0 47 23 1 12 35 6 53 3 50 26 7 30 8 31 9 10 13 36 16 39 17 18 41 21 25 
26 0 47 23 1 12 35 6 53 3 50 26 7 30 8 31 9 10 13 36 16 39 17 18 41 21 25 
26 0 23 11 1 12 35 6 3 26 4 7 18 41 10 16 39 21 44 22 25 36 38 42 45 46 49 
30 0 23 11 1 12 35 6 53 3 26 4 15 38 7 10 16 39 17 18 20 21 25 28 36 41 42 44 45 46 49 
28 0 23 1 12 35 6 3 26 7 8 31 9 10 13 36 16 39 18 41 21 22 25 38 42 44 45 46 49 
28 0 23 1 12 35 6 3 26 7 8 31 9 10 13 36 16 39 18 41 21 22 25 38 42 44 45 46 49 
21 1 47 12 23 46 6 4 7 18 41 10 21 44 11 25 36 37 38 39 42 45 
21 1 47 12 23 46 6 4 7 18 41 10 21 44 11 25 36 37 38 39 42 45 
24 23 11 1 47 0 12 35 6 26 4 50 3 7 30 8 10 57 16 39 18 41 21 25 36 
26 1 12 6 3 50 26 14 5 28 7 30 9 10 13 36 15 16 18 20 21 44 23 31 42 45 49 
21 1 12 6 3 26 49 4 50 5 16 7 30 18 10 11 21 44 23 36 42 45 
28 0 47 23 1 12 35 6 3 50 26 14 7 30 8 31 9 10 13 15 16 18 20 21 25 28 36 39 41 
30 0 47 23 1 12 6 3 50 26 14 7 30 8 31 9 10 33 13 16 18 19 21 22 25 27 35 36 39 41 52 
23 1 12 6 3 26 49 14 5 16 7 30 9 10 13 36 18 21 44 23 31 42 45 50 
23 1 47 12 6 2 25 7 18 41 4 8 10 21 44 11 23 46 36 37 38 39 42 45 
26 0 23 11 1 12 35 6 3 26 4 7 8 10 16 39 18 41 21 44 25 36 38 42 45 46 49 
26 1 12 6 3 50 26 14 5 28 7 30 9 10 13 36 15 16 18 20 21 44 23 31 42 45 49 
31 0 23 1 12 35 6 53 3 26 7 9 10 13 36 15 38 16 17 18 20 21 25 28 31 39 41 42 44 45 46 49 
20 5 16 10 6 9 11 12 18 19 42 26 3 49 30 36 40 43 44 45 50 
28 0 47 23 1 12 35 6 3 50 26 7 30 8 31 9 10 13 15 16 18 20 21 22 25 28 36 39 41 
19 4 50 26 3 49 9 5 16 6 10 11 57 12 18 30 36 42 44 45 
26 1 12 6 3 50 26 5 28 16 7 30 9 10 13 36 15 18 20 21 44 22 23 31 42 45 49 
29 0 47 23 1 12 35 6 53 3 50 26 7 30 8 31 9 10 13 15 16 17 18 20 21 25 28 36 39 41 
30 0 47 23 1 12 35 6 3 50 26 7 30 8 31 9 10 13 15 16 18 19 20 21 25 28 36 39 40 41 43 
25 0 23 11 1 12 35 6 3 26 4 7 18 41 10 16 39 21 44 25 36 38 42 45 46 49 
24 1 12 6 26 49 5 52 16 7 30 18 9 10 13 36 21 44 23 27 50 3 31 42 45 
29 0 23 11 1 12 35 6 3 26 14 4 7 10 33 16 39 18 19 21 22 25 36 38 41 42 44 45 46 49 
22 1 47 12 23 46 6 7 18 41 9 10 21 44 13 36 14 25 31 38 39 42 45 
23 0 46 11 57 3 26 49 25 4 9 6 10 12 35 16 39 18 41 36 38 42 44 45 
22 0 46 11 3 49 4 50 9 55 6 17 10 56 18 35 12 58 36 39 42 47 54 
24 11 26 8 6 53 17 9 10 12 35 15 16 39 18 41 20 25 28 30 36 47 0 50 3 
26 23 46 1 47 0 12 35 6 49 18 9 56 10 21 13 36 22 31 54 7 39 42 50 3 55 58 
25 0 11 10 33 3 26 14 6 9 12 35 16 39 18 41 19 42 22 45 25 36 38 44 46 49 
27 0 23 11 1 12 35 2 49 25 3 26 4 6 7 8 10 16 39 18 41 21 36 38 42 44 45 46 
22 2 3 26 49 8 5 28 16 6 9 10 11 12 15 18 20 30 36 42 44 45 50 
27 23 46 11 58 1 47 0 12 35 2 49 4 50 3 6 7 54 8 55 10 17 18 21 36 39 42 56 
17 5 16 10 6 9 11 12 18 26 3 49 30 36 42 44 45 50 
24 1 12 6 26 49 5 52 16 7 30 18 9 10 13 36 21 44 23 27 50 3 31 42 45 
21 1 12 6 3 26 49 4 50 5 16 7 30 18 10 11 21 44 23 36 42 45 
26 0 47 23 1 12 35 6 3 50 26 7 30 8 31 9 10 13 36 16 39 18 41 21 25 27 52 
29 1 12 6 53 2 49 13 36 3 50 26 5 28 7 30 8 31 9 10 15 16 17 18 20 21 23 42 44 45 
24 1 12 6 13 36 3 50 26 49 2 5 7 30 8 31 9 10 16 18 21 44 23 42 45 
24 1 12 6 26 49 5 52 16 7 30 18 9 10 13 36 21 44 23 27 50 3 31 42 45 
29 1 12 6 53 2 49 13 36 3 50 26 5 28 7 30 8 31 9 10 15 16 18 20 21 23 42 44 45 51 
28 0 23 1 12 35 6 2 49 25 13 36 3 26 7 8 31 9 10 16 39 18 41 21 38 42 44 45 46 
28 0 23 1 12 35 6 2 49 25 13 36 3 26 7 8 31 9 10 16 39 18 41 21 38 42 44 45 46 
21 1 12 6 3 26 49 4 50 5 16 7 30 18 10 11 21 44 23 36 42 45 
25 23 46 1 47 0 12 35 6 13 36 49 2 7 54 8 55 31 9 10 18 21 39 42 50 3 
27 0 23 11 1 12 35 2 49 25 3 26 4 6 7 8 10 16 39 18 41 21 36 38 42 44 45 46 
23 2 25 6 17 8 9 20 10 11 12 15 38 18 41 28 36 39 42 44 45 46 47 53 
17 5 16 10 6 9 11 12 18 26 3 49 30 36 42 44 45 50 
24 1 12 6 26 49 5 52 16 7 30 18 9 10 13 36 21 44 23 27 50 3 31 42 45 
25 0 47 23 1 12 35 6 2 25 13 36 3 50 26 7 30 8 31 9 10 16 39 18 41 21 
21 1 12 6 3 26 49 4 50 5 16 7 30 18 10 11 21 44 23 36 42 45 
27 23 46 1 47 0 12 35 6 13 36 49 2 7 54 8 55 31 9 56 10 18 21 39 42 50 3 58 
23 1 12 2 3 26 49 4 50 5 6 7 30 8 10 11 16 18 21 44 23 36 42 45 
17 5 16 10 6 9 11 12 18 26 3 49 30 36 42 44 45 50 
24 1 12 6 13 36 3 50 26 49 2 5 7 30 8 31 9 10 16 18 21 44 23 42 45 
28 23 46 1 47 0 12 35 6 13 36 3 50 49 2 7 54 8 55 31 9 56 10 17 18 21 39 42 58 
24 46 11 58 49 54 50 3 55 8 10 56 9 18 35 12 36 39 42 47 0 51 4 53 6 
27 23 46 1 47 0 12 35 6 17 49 7 54 8 55 31 9 56 10 13 36 18 21 39 42 50 3 58 
28 23 46 1 47 0 12 35 6 13 36 3 50 49 2 7 54 8 55 31 9 56 10 17 18 21 39 42 58 
27 23 46 11 58 1 47 0 12 35 2 49 4 50 3 6 7 54 8 55 10 17 18 21 36 39 42 56 
28 0 47 23 1 12 35 6 53 3 50 26 7 30 8 31 9 10 13 36 16 39 18 41 21 25 27 51 52 
26 0 47 23 1 12 35 6 3 50 26 7 30 8 31 9 10 13 36 16 39 18 41 21 25 27 52 
27 23 46 1 47 0 12 35 6 17 49 7 54 8 55 31 9 56 10 13 36 18 21 39 42 50 3 58 
28 23 46 1 47 0 12 35 6 13 36 3 50 49 2 7 54 8 55 31 9 56 10 17 18 21 39 42 58 
28 0 23 1 12 35 6 2 49 25 13 36 3 26 7 8 31 9 10 16 39 18 41 21 38 42 44 45 46 
21 0 46 11 3 49 36 4 50 9 55 6 10 56 18 35 12 58 39 42 47 54 
23 0 46 11 2 3 49 8 54 6 17 9 55 10 56 12 35 58 18 36 39 42 47 50 
27 23 46 11 58 1 47 0 12 35 2 49 4 50 3 6 7 54 8 55 10 17 18 21 36 39 42 56 
25 23 46 1 47 0 12 35 6 13 36 49 2 7 54 8 55 31 9 10 18 21 39 42 50 3 
27 0 47 23 1 12 35 6 2 25 13 36 3 50 26 7 30 8 31 9 10 16 39 18 21 27 41 52 
25 23 46 11 58 1 47 0 12 35 6 17 49 4 50 3 18 10 21 36 39 42 54 7 55 56 
23 0 46 11 3 49 8 54 4 50 6 17 9 55 10 56 12 35 58 18 36 39 42 47 
21 0 46 11 3 49 36 4 50 9 55 6 10 56 18 35 12 58 39 42 47 54 
27 23 46 11 58 1 47 0 12 35 2 49 4 50 3 6 7 54 8 55 10 17 18 21 36 39 42 56 
28 23 46 1 47 0 12 35 6 13 36 3 50 49 2 7 54 8 55 31 9 56 10 17 18 21 39 42 58 
27 0 23 11 1 12 35 2 49 25 3 26 4 6 7 8 10 16 39 18 41 21 36 38 42 44 45 46 
27 23 46 11 58 1 47 0 12 35 2 49 4 50 3 6 7 54 8 55 10 17 18 21 36 39 42 56 
27 0 23 11 1 12 35 2 49 25 3 26 4 6 7 8 10 16 39 18 41 21 36 38 42 44 45 46 
27 23 46 11 58 1 47 0 12 35 2 49 4 50 3 6 7 54 8 55 10 17 18 21 36 39 42 56 
31 0 23 11 1 12 35 6 3 26 14 4 7 8 10 57 33 16 18 19 21 22 25 36 38 39 41 42 44 45 46 49 
27 23 46 11 58 1 47 0 12 35 2 49 4 50 3 6 7 54 8 55 10 17 18 21 36 39 42 56 
28 0 23 11 1 12 35 2 49 25 3 26 4 6 7 8 10 57 16 39 18 41 21 36 38 42 44 45 46 
25 23 46 11 58 1 47 0 12 35 6 17 49 4 50 3 18 10 21 36 39 42 54 7 55 56 
27 23 46 11 58 1 47 0 12 35 2 49 4 50 3 6 7 54 8 55 10 17 18 21 36 39 42 56 
27 23 46 11 58 1 47 0 12 35 2 49 4 50 3 6 7 54 8 55 10 17 18 21 36 39 42 56 
23 1 47 12 6 2 25 7 18 41 4 8 10 21 44 11 57 23 46 36 38 39 42 45 
27 23 46 11 58 1 47 0 12 35 2 49 4 50 3 6 7 54 8 55 10 17 18 21 36 39 42 56 
25 23 46 1 47 0 12 35 6 13 36 49 2 7 54 8 55 31 9 10 18 21 39 42 50 3 
27 23 46 11 58 1 47 0 12 35 2 49 4 50 3 6 7 54 8 55 10 17 18 21 36 39 42 56 
25 23 46 11 58 1 47 0 12 35 6 17 49 4 50 3 18 10 21 36 39 42 54 7 55 56 
26 23 46 11 58 1 47 0 12 35 2 49 4 50 3 6 8 55 54 7 10 18 21 36 39 42 56 
27 23 46 11 58 1 47 0 12 35 2 49 4 50 3 6 7 54 8 55 10 17 18 21 36 39 42 56 
21 1 12 6 3 26 49 4 50 5 16 7 30 18 10 11 21 44 23 36 42 45 
22 1 12 6 3 26 49 5 16 7 30 18 9 10 13 36 21 44 23 31 42 45 50 
27 23 46 11 58 1 47 0 12 35 2 49 4 50 3 6 7 54 8 55 10 17 18 21 36 39 42 56 
27 23 46 11 58 1 47 0 12 35 2 49 4 50 3 6 7 54 8 55 10 17 18 21 36 39 42 56 
24 23 46 11 1 47 0 12 35 2 49 4 50 3 6 8 55 54 7 10 18 21 36 39 42 
30 0 23 11 58 1 12 35 2 49 25 3 26 4 6 7 8 10 16 39 17 18 41 21 36 38 42 44 45 46 56 
17 5 16 10 6 9 11 12 18 26 3 49 30 36 42 44 45 50 
27 23 46 11 58 1 47 0 12 35 2 49 4 50 3 6 7 54 8 55 10 17 18 21 36 39 42 56 
28 23 46 1 47 0 12 35 6 13 36 3 50 49 2 7 54 8 55 31 9 56 10 17 18 21 39 42 58 
21 0 11 57 2 25 3 26 8 6 9 10 12 35 16 39 18 41 30 36 47 50 
