6 18 10 32 33 34 24 
0
1 1 
2 35 30 
0
7 31 6 10 13 33 18 37 
0
6 38 4 39 40 41 8 
0
2 10 6 
0
9 4 6 45 7 12 46 10 18 47 
0
7 26 6 48 1 49 42 45 
0
6 51 52 53 41 4 18 
0
7 6 4 8 1 2 3 18 
0
6 38 4 39 40 41 8 
0
6 8 1 50 2 4 6 
0
3 1 4 6 
0
7 6 10 38 45 13 26 46 
0
9 4 6 45 7 12 46 10 18 47 
0
2 25 9 
1 20 
7 1 2 3 4 5 6 7 
1 0 
4 1 8 9 10 
4 7 9 6 2 
2 11 6 
1 6 
3 12 13 14 
6 7 15 16 0 17 18 
2 6 19 
2 6 10 
1 9 
1 13 
1 1 
1 16 
3 12 7 6 
1 21 
2 13 19 
2 9 18 
2 11 3 
3 10 17 12 
1 12 
3 10 0 22 
1 22 
3 2 13 23 
2 9 10 
1 6 
1 13 
3 6 9 10 
2 21 16 
2 26 27 
3 10 18 28 
1 13 
1 13 
1 12 
2 2 10 
2 6 10 
2 10 30 
2 10 18 
1 25 
1 1 
1 5 
2 2 6 
2 6 8 
1 6 
1 6 
4 5 2 21 5 
1 30 
1 23 
2 54 31 
1 31 
1 31 
1 35 
3 2 4 6 
1 21 
1 31 
3 54 6 11 
3 6 55 6 
1 6 
2 6 21 
2 2 36 
1 2 
1 6 
1 6 
5 31 23 50 36 49 
4 8 23 11 42 
4 6 39 4 36 
4 58 6 11 10 
5 31 23 50 36 49 
3 6 1 4 
2 6 56 
4 6 10 7 46 
2 6 23 
2 6 23 
1 6 
5 6 35 4 8 49 
2 6 23 
1 6 
2 6 47 
2 6 57 
2 6 23 
2 6 2 
2 6 2 
2 6 55 
2 6 55 
2 6 4 
3 6 1 4 
2 6 2 
2 6 4 
2 6 36 
1 6 
1 6 
2 6 36 
1 6 
2 6 46 
2 6 13 
