200 59
5 12 16 148 158 191 
25 0 5 6 7 8 11 13 21 44 57 73 102 108 124 132 134 135 137 139 140 143 159 178 193 194 
19 6 7 11 39 46 50 53 68 69 74 93 101 125 132 140 143 148 174 182 
6 6 11 27 101 114 140 
25 4 6 7 8 10 11 53 57 72 73 75 116 119 124 126 128 133 137 140 142 143 144 159 162 199 
9 11 45 50 50 133 181 193 195 198 
103 2 3 4 5 6 7 8 9 10 11 14 17 18 23 40 46 47 48 49 53 55 56 57 58 59 60 61 62 63 64 65 66 67 68 69 70 71 72 73 74 75 76 77 78 79 80 81 85 88 89 90 91 92 93 94 97 99 104 106 110 111 114 116 117 118 120 121 123 124 125 126 126 127 129 131 133 133 134 135 135 137 140 142 143 145 149 153 159 160 160 161 162 163 172 175 177 179 180 182 185 186 188 198 
11 4 10 11 16 23 59 85 142 160 186 191 
12 6 7 13 47 100 102 132 133 140 143 148 172 
7 13 19 26 31 82 87 102 
46 2 3 4 9 10 13 18 28 31 35 39 40 41 42 59 87 102 104 105 115 118 119 121 138 139 142 147 148 149 152 153 154 155 157 158 159 160 162 163 164 165 174 175 176 186 195 
3 27 116 128 
13 4 10 15 23 28 29 38 85 103 142 164 166 173 
24 2 9 15 20 25 32 36 37 81 86 98 100 103 109 122 144 149 153 154 161 170 171 185 192 
2 15 103 
3 16 147 191 
7 16 22 33 96 159 169 191 
4 16 28 164 191 
23 2 4 6 10 16 26 35 42 100 115 140 141 142 144 150 151 153 154 158 163 165 191 193 
3 17 25 86 
2 83 107 
5 24 33 50 95 169 
4 30 119 187 195 
13 52 60 61 63 67 113 120 124 126 180 184 195 198 
0 
7 43 82 101 114 152 156 167 
7 5 9 34 134 135 149 168 
2 34 168 
1 35 
0 
7 1 41 51 136 176 183 195 
6 2 54 84 130 153 190 
0 
3 2 153 161 
3 122 148 151 
4 1 101 136 189 
7 76 79 90 124 128 188 198 
4 2 150 153 157 
9 9 112 113 117 145 146 149 155 195 
2 116 122 
1 154 
0 
3 5 114 134 
0 
0 
10 4 5 9 10 117 134 135 142 149 194 
15 4 9 10 59 80 127 142 146 147 149 154 155 160 186 193 
6 4 10 65 89 100 142 
6 5 134 135 154 187 193 
5 5 105 114 134 135 
3 7 117 143 
0 
0 
3 146 159 193 
1 131 
7 70 71 92 121 128 129 131 
1 58 
2 66 88 
3 113 196 197 
