126 59
3 32 38 52 
11 2 13 17 21 23 31 33 43 70 99 116 
14 17 21 31 34 54 65 72 76 83 90 91 111 112 117 
3 17 31 49 
16 7 11 15 17 19 21 23 27 31 83 96 99 105 115 116 118 
4 31 71 76 76 
60 5 9 11 13 17 21 23 25 27 31 34 35 36 39 40 45 56 58 66 72 73 74 75 83 86 87 87 88 89 92 93 96 97 99 100 101 102 103 104 105 106 107 108 109 110 111 112 113 114 115 116 117 118 119 120 121 122 123 124 125 
7 11 27 31 34 38 45 101 
8 7 17 19 21 33 73 95 105 
7 29 33 34 41 48 55 58 
19 0 5 9 11 25 27 33 40 50 52 55 58 61 65 66 67 68 97 101 
5 35 49 86 95 97 
7 11 27 37 45 50 51 64 
10 5 25 37 42 47 54 57 62 63 125 
1 37 
1 38 
3 38 44 59 
2 38 50 
10 0 5 11 15 17 27 38 48 61 68 
2 39 47 
1 30 
5 46 59 76 84 89 
2 52 53 
9 54 78 94 95 98 102 103 106 110 
1 0 
2 29 69 
3 13 25 60 
1 60 
1 61 
0 
3 3 67 77 
7 5 79 80 81 85 94 98 
1 0 
2 0 5 
1 0 
3 3 82 105 
6 90 94 96 98 119 122 
1 5 
3 7 19 25 
3 7 19 96 
2 7 19 
3 7 15 19 
2 13 95 
0 
0 
4 11 13 25 27 
5 11 25 27 101 124 
3 11 27 108 
1 13 
4 13 94 98 105 
3 21 94 98 
1 15 
1 15 
1 15 
2 79 86 
3 87 113 114 
1 100 
1 109 
1 97 
