10 10 1
6.668367 -5.249737 5.917416 0.995593 3.445849 -2.872445 -1.775008 7.864050 1.575639 20.140555
-10.793988 9.010504 10.043108 0.526712 -2.290767 6.776638 4.637760 -13.467098 -4.152841 7.337655
2.385535 -3.978223 27.059669 15.354427 -3.512931 4.528770 0.630899 5.101731 13.866487 -1.787915
4.146909 4.116761 5.289696 -6.947235 -0.593535 4.430017 2.875079 -4.316969 5.891748 2.893380
5.460026 -5.019470 5.898453 -7.362917 4.022591 -8.281360 -3.604259 8.828757 2.320277 18.219399
0.603002 -7.835661 -1.542906 -0.739419 2.627630 1.563148 3.835684 7.616102 1.857297 -0.422233
-4.779449 5.185202 -4.949262 -20.174553 -11.025855 -1.451955 -2.815782 -5.641485 -14.661968 -5.594458
3.174486 -0.028088 -1.484064 -7.364472 1.416817 -1.336075 -0.177664 0.109793 1.169261 -2.280413
7.152540 1.870075 2.371692 -1.104206 8.140634 -0.235825 0.894701 1.751646 9.194432 6.768841
-1.529865 1.363309 8.661298 4.571270 1.511742 16.069623 1.088764 1.045725 0.793908 12.463925
1.379198
-0.650404
-0.664227
-1.369257
-1.693730
0.872544
0.539029
-1.234759
1.392003
0.978620
42.626580 7.940844 5.053866 7.001535 22.430175 11.431841 -5.134037 25.313221 28.677618 -12.572880
-1.801313
